Exploratory data analysis (EDA) for Heart Disease UCI

Dataset source: C:\Users\egoro\.venv\ml_project\data\raw\heart.csv

*** Outputting the first 5 lines: ***
   age  sex  cp  trestbps  chol  fbs  restecg  thalach  exang  oldpeak  slope  ca  thal  target
0   63    1   3       145   233    1        0      150      0      2.3      0   0     1       1
1   37    1   2       130   250    0        1      187      0      3.5      0   0     2       1
2   41    0   1       130   204    0        0      172      0      1.4      2   0     2       1
3   56    1   1       120   236    0        1      178      0      0.8      2   0     2       1
4   57    0   0       120   354    0        1      163      1      0.6      2   0     2       1

*** Info dataset: ***
None

*** Describe dataset: ***
              age         sex          cp    trestbps        chol         fbs     restecg     thalach       exang     oldpeak       slope          ca        thal      target
count  303.000000  303.000000  303.000000  303.000000  303.000000  303.000000  303.000000  303.000000  303.000000  303.000000  303.000000  303.000000  303.000000  303.000000
mean    54.366337    0.683168    0.966997  131.623762  246.264026    0.148515    0.528053  149.646865    0.326733    1.039604    1.399340    0.729373    2.313531    0.544554
std      9.082101    0.466011    1.032052   17.538143   51.830751    0.356198    0.525860   22.905161    0.469794    1.161075    0.616226    1.022606    0.612277    0.498835
min     29.000000    0.000000    0.000000   94.000000  126.000000    0.000000    0.000000   71.000000    0.000000    0.000000    0.000000    0.000000    0.000000    0.000000
25%     47.500000    0.000000    0.000000  120.000000  211.000000    0.000000    0.000000  133.500000    0.000000    0.000000    1.000000    0.000000    2.000000    0.000000
50%     55.000000    1.000000    1.000000  130.000000  240.000000    0.000000    1.000000  153.000000    0.000000    0.800000    1.000000    0.000000    2.000000    1.000000
75%     61.000000    1.000000    2.000000  140.000000  274.500000    0.000000    1.000000  166.000000    1.000000    1.600000    2.000000    1.000000    3.000000    1.000000
max     77.000000    1.000000    3.000000  200.000000  564.000000    1.000000    2.000000  202.000000    1.000000    6.200000    2.000000    4.000000    3.000000    1.000000

*** Values missing in dataset: ***
age         0
sex         0
cp          0
trestbps    0
chol        0
fbs         0
restecg     0
thalach     0
exang       0
oldpeak     0
slope       0
ca          0
thal        0
target      0
dtype: int64

*** Targets value: ***
{1: 165, 0: 138}

*** Feature Correlations: ***
               sex        cp       fbs   restecg     exang     slope      thal       age  trestbps      chol   thalach   oldpeak        ca
sex       1.000000 -0.049353  0.045032 -0.058196  0.141664 -0.030711  0.210041 -0.098447 -0.056769 -0.197912 -0.044020  0.096093  0.118261
cp       -0.049353  1.000000  0.094444  0.044421 -0.394280  0.119717 -0.161736 -0.068653  0.047608 -0.076904  0.295762 -0.149230 -0.181053
fbs       0.045032  0.094444  1.000000 -0.084189  0.025665 -0.059894 -0.032019  0.121308  0.177531  0.013294 -0.008567  0.005747  0.137979
restecg  -0.058196  0.044421 -0.084189  1.000000 -0.070733  0.093045 -0.011981 -0.116211 -0.114103 -0.151040  0.044123 -0.058770 -0.072042
exang     0.141664 -0.394280  0.025665 -0.070733  1.000000 -0.257748  0.206754  0.096801  0.067616  0.067023 -0.378812  0.288223  0.115739
slope    -0.030711  0.119717 -0.059894  0.093045 -0.257748  1.000000 -0.104764 -0.168814 -0.121475 -0.004038  0.386784 -0.577537 -0.080155
thal      0.210041 -0.161736 -0.032019 -0.011981  0.206754 -0.104764  1.000000  0.068001  0.062210  0.098803 -0.096439  0.210244  0.151832
age      -0.098447 -0.068653  0.121308 -0.116211  0.096801 -0.168814  0.068001  1.000000  0.279351  0.213678 -0.398522  0.210013  0.276326
trestbps -0.056769  0.047608  0.177531 -0.114103  0.067616 -0.121475  0.062210  0.279351  1.000000  0.123174 -0.046698  0.193216  0.101389
chol     -0.197912 -0.076904  0.013294 -0.151040  0.067023 -0.004038  0.098803  0.213678  0.123174  1.000000 -0.009940  0.053952  0.070511
thalach  -0.044020  0.295762 -0.008567  0.044123 -0.378812  0.386784 -0.096439 -0.398522 -0.046698 -0.009940  1.000000 -0.344187 -0.213177
oldpeak   0.096093 -0.149230  0.005747 -0.058770  0.288223 -0.577537  0.210244  0.210013  0.193216  0.053952 -0.344187  1.000000  0.222682
ca        0.118261 -0.181053  0.137979 -0.072042  0.115739 -0.080155  0.151832  0.276326  0.101389  0.070511 -0.213177  0.222682  1.000000
*** Feature Correlations: ***
               sex        cp       fbs   restecg     exang     slope      thal       age  trestbps      chol   thalach   oldpeak        ca
sex       1.000000 -0.049353  0.045032 -0.058196  0.141664 -0.030711  0.210041 -0.098447 -0.056769 -0.197912 -0.044020  0.096093  0.118261
cp       -0.049353  1.000000  0.094444  0.044421 -0.394280  0.119717 -0.161736 -0.068653  0.047608 -0.076904  0.295762 -0.149230 -0.181053
fbs       0.045032  0.094444  1.000000 -0.084189  0.025665 -0.059894 -0.032019  0.121308  0.177531  0.013294 -0.008567  0.005747  0.137979
restecg  -0.058196  0.044421 -0.084189  1.000000 -0.070733  0.093045 -0.011981 -0.116211 -0.114103 -0.151040  0.044123 -0.058770 -0.072042
exang     0.141664 -0.394280  0.025665 -0.070733  1.000000 -0.257748  0.206754  0.096801  0.067616  0.067023 -0.378812  0.288223  0.115739
slope    -0.030711  0.119717 -0.059894  0.093045 -0.257748  1.000000 -0.104764 -0.168814 -0.121475 -0.004038  0.386784 -0.577537 -0.080155
thal      0.210041 -0.161736 -0.032019 -0.011981  0.206754 -0.104764  1.000000  0.068001  0.062210  0.098803 -0.096439  0.210244  0.151832
age      -0.098447 -0.068653  0.121308 -0.116211  0.096801 -0.168814  0.068001  1.000000  0.279351  0.213678 -0.398522  0.210013  0.276326
trestbps -0.056769  0.047608  0.177531 -0.114103  0.067616 -0.121475  0.062210  0.279351  1.000000  0.123174 -0.046698  0.193216  0.101389
chol     -0.197912 -0.076904  0.013294 -0.151040  0.067023 -0.004038  0.098803  0.213678  0.123174  1.000000 -0.009940  0.053952  0.070511
thalach  -0.044020  0.295762 -0.008567  0.044123 -0.378812  0.386784 -0.096439 -0.398522 -0.046698 -0.009940  1.000000 -0.344187 -0.213177
oldpeak   0.096093 -0.149230  0.005747 -0.058770  0.288223 -0.577537  0.210244  0.210013  0.193216  0.053952 -0.344187  1.000000  0.222682
ca        0.118261 -0.181053  0.137979 -0.072042  0.115739 -0.080155  0.151832  0.276326  0.101389  0.070511 -0.213177  0.222682  1.000000
